3 3
67 23265 35086
3902 3904 3905
3 3
67 30559 35086
3902 3903 3905
3 34
133 154 4271
289 616 721 1031 2905 3349 3503 4064 4946 4979 5018 5029 5040 5075 6190 6191 6192 6193 6194 6196 6197 6198 6199 6202 6204 6205 6206 6207 6209 6210 6211 6212 6214 6215
3 33
133 154 4694
616 721 1031 2905 3349 3503 4064 4946 4979 5018 5029 5040 5075 6190 6191 6192 6193 6194 6195 6196 6197 6198 6199 6202 6205 6206 6207 6209 6210 6211 6212 6214 6215
3 32
133 154 5364
616 721 1031 2905 3503 4064 4946 4979 5018 5029 5040 5075 6190 6191 6192 6193 6194 6195 6196 6197 6198 6199 6202 6204 6205 6207 6209 6210 6211 6212 6214 6215
3 28
133 3218 5364
616 721 1031 3503 4064 4946 5018 5029 5040 5075 6190 6191 6192 6193 6194 6196 6197 6198 6199 6202 6204 6205 6207 6209 6210 6211 6212 6215
3 24
133 5364 15401
616 721 1031 2905 3503 4064 4946 4979 5029 5040 5075 6190 6191 6194 6195 6196 6197 6198 6199 6204 6207 6209 6212 6215
3 3
180 10490 27800
7231 7232 7233
4 22
187 2219 2800 24628
7295 7296 7297 7298 7299 7300 7301 7302 7303 7304 7305 7306 7307 7308 7309 7310 7311 7312 7313 7314 7315 7316
6 4
277 8088 11978 16105 26493 29624
3080 5961 9868 9869
7 3
277 8088 11978 16105 26493 29624 31912
3080 5961 9868
5 26
281 678 8558 10725 18763
1011 9900 9901 9902 9903 9904 9905 9906 9907 9908 9909 9910 9911 9912 9913 9914 9915 9916 9917 9918 9919 9920 9921 9922 9923 9924
5 22
281 2413 6199 10725 18763
1011 9900 9902 9903 9904 9905 9907 9908 9909 9911 9912 9913 9914 9915 9917 9918 9919 9920 9921 9922 9923 9924
5 26
281 2413 8558 10725 18763
1011 9900 9901 9902 9903 9904 9905 9906 9907 9908 9909 9910 9911 9912 9913 9914 9915 9916 9917 9918 9919 9920 9921 9922 9923 9924
6 25
281 2413 2632 8558 10725 18763
1011 9900 9901 9902 9903 9904 9905 9906 9907 9908 9909 9910 9911 9912 9913 9915 9916 9917 9918 9919 9920 9921 9922 9923 9924
5 3
340 10766 17229 31379 33310
11120 11121 11122
7 14
585 3063 6273 9589 17960 20222 31149
15359 15360 15361 15362 15363 15364 15365 15366 15367 15368 15369 15370 15371 15372
9 13
585 3063 4174 6273 9589 17960 20222 28489 31149
15359 15360 15361 15362 15363 15364 15365 15366 15367 15368 15369 15370 15371
11 7
751 7991 9881 13219 14528 15095 15493 17201 20541 21427 23933
9636 9638 17683 17684 17685 17686 17687
12 5
751 7991 9881 13219 14528 15095 15493 17201 19638 20541 21427 23933
9636 9638 17683 17684 17686
3 4
751 8001 19638
9636 9638 17683 17684
3 20
857 5419 6439
5670 18882 18883 18884 18885 18886 18887 18888 18889 18890 18891 18892 18893 18895 18896 18897 18898 18899 18901 18902
6 3
865 4639 6137 17124 35843 46432
19083 19084 19085
3 4
1173 21554 32186
22305 22306 22307 22308
3 23
1224 7295 16042
22808 22810 22811 22812 22813 22815 22816 22817 22818 22819 22820 22821 22822 22823 22824 22825 22826 22827 22829 22830 22832 22833 22834
4 22
1224 7295 16042 19811
22808 22810 22812 22813 22815 22816 22817 22818 22819 22820 22821 22822 22823 22824 22825 22826 22827 22829 22830 22832 22833 22834
3 24
1224 7295 19811
22808 22809 22810 22812 22813 22815 22816 22817 22818 22819 22820 22821 22822 22823 22824 22825 22826 22827 22828 22829 22830 22832 22833 22834
3 6
1343 10704 26051
13398 15810 23916 23917 23918 23920
4 5
1343 10704 21020 26051
13398 23916 23917 23918 23920
5 5
1371 14633 20312 30950 33252
3559 13628 13629 13635 21428
6 4
1371 14633 18609 20312 30950 33252
3559 13628 13629 21428
3 3
1506 18006 34854
5987 25487 25489
5 7
1544 17094 21043 26191 29667
14738 14740 14753 14765 14772 14773 14807
3 3
1552 29121 45379
125 131 194
3 34
1732 2038 13957
134 1302 1539 2732 2733 2784 5729 9835 9836 9837 9839 9840 9841 9842 9843 9845 9846 9847 9849 9851 9852 9853 9854 9855 9856 9857 9858 9859 9860 9861 9862 9865 9866 9867
4 27
1732 2038 12551 13957
1539 2732 2733 5729 9835 9836 9837 9839 9840 9841 9842 9843 9845 9846 9847 9849 9851 9852 9853 9854 9855 9857 9859 9860 9861 9862 9866
5 24
1732 2038 12551 13957 19813
1539 2732 2733 5729 9835 9836 9839 9840 9841 9842 9843 9845 9847 9849 9851 9852 9853 9855 9857 9859 9860 9861 9862 9866
3 28
1732 12551 13957
1539 2732 2733 5729 6831 9835 9836 9837 9839 9840 9841 9842 9843 9845 9846 9847 9849 9851 9852 9853 9854 9855 9857 9859 9860 9861 9862 9866
4 25
1732 12551 13957 19813
1539 2732 2733 5729 6831 9835 9836 9839 9840 9841 9842 9843 9845 9847 9849 9851 9852 9853 9855 9857 9859 9860 9861 9862 9866
3 3
1804 26946 27411
28671 28672 28673
3 6
1805 10240 26728
19486 28675 28676 28678 28679 28680
3 3
1848 6027 37303
26379 26385 29030
3 3
1848 6967 37303
26379 29030 29031
3 11
1888 3793 9225
792 3940 5122 5176 5530 11396 13941 19037 23823 29521 29525
4 10
1888 3793 9225 11778
792 3940 5122 5176 5530 11396 13941 19037 23823 29521
3 12
1888 3793 15713
792 3940 5051 5122 5176 5530 11396 13941 19037 23823 29521 29524
4 10
1888 3793 11778 15713
792 3940 5122 5176 5530 11396 13941 19037 23823 29521
3 16
1896 5604 22916
504 621 720 753 2273 2274 2281 2282 2300 2313 2315 9597 17054 19699 21413 29549
3 3
1905 6584 38145
29627 29628 29629
3 20
1993 2404 10173
8931 30255 30256 30257 30258 30259 30260 30261 30262 30263 30264 30265 30266 30268 30269 30270 30271 30272 30273 30274
3 11
2014 8267 10604
6622 16334 25048 28705 28707 28710 28718 28727 30466 30467 30469
3 4
2026 3597 21292
3902 3904 27541 27542
3 4
2026 21292 33823
3902 3904 27541 27542
3 28
2038 12551 13957
1539 2732 2733 5729 9835 9836 9837 9839 9840 9841 9842 9843 9845 9846 9847 9849 9851 9852 9853 9854 9855 9857 9859 9860 9861 9862 9864 9866
4 25
2038 12551 13957 19813
1539 2732 2733 5729 9835 9836 9839 9840 9841 9842 9843 9845 9847 9849 9851 9852 9853 9855 9857 9859 9860 9861 9862 9864 9866
3 36
2156 3361 11198
31676 31677 31678 31679 31680 31681 31683 31684 31686 31688 31689 31690 31691 31692 31693 31694 31695 31696 31697 31698 31699 31700 31701 31702 31703 31704 31705 31706 31707 31708 31709 31712 31713 31714 31715 31718
7 21
2201 5137 6441 8153 10062 12549 13042
32204 32205 32206 32207 32208 32209 32210 32211 32212 32213 32214 32215 32216 32217 32218 32219 32220 32221 32222 32224 32225
6 22
2201 6441 8153 11573 12549 13042
32204 32205 32206 32207 32208 32209 32210 32211 32212 32213 32214 32215 32216 32217 32218 32219 32220 32221 32222 32223 32224 32225
23 4
2267 2724 5572 8797 8807 13453 13822 13935 14750 18249 18399 18528 20176 21157 24241 25601 26164 27145 29966 30419 38549 43728 47214
31207 31208 31209 31213
24 3
2267 2724 5572 7384 8797 8807 13453 13822 13935 14750 18249 18399 18528 20176 21157 24241 25601 26164 27145 29966 30419 38549 43728 47214
31207 31208 31209
25 3
2267 2724 5572 8797 8807 13453 13822 13935 14750 18249 18399 18528 20176 21157 24241 25601 26164 27145 29966 30419 33514 36796 38549 43728 47214
31208 31209 31213
23 4
2267 2724 5572 8797 8807 13822 13935 14750 17421 18249 18399 18528 20176 21157 24241 25601 26164 27145 29966 30419 38549 43728 47214
31207 31208 31209 31213
24 3
2267 2724 5572 7384 8797 8807 13822 13935 14750 17421 18249 18399 18528 20176 21157 24241 25601 26164 27145 29966 30419 38549 43728 47214
31207 31208 31209
25 3
2267 2724 5572 8797 8807 13822 13935 14750 17421 18249 18399 18528 20176 21157 24241 25601 26164 27145 29966 30419 33514 36796 38549 43728 47214
31208 31209 31213
3 3
2420 29202 43391
125 131 215
3 25
2434 4766 10334
31375 33880 33881 33882 33883 33885 33886 33887 33888 33889 33890 33891 33892 33893 33894 33895 33896 33897 33898 33899 33900 33901 33903 33904 33905
4 24
2434 3900 4766 10334
31375 33880 33881 33882 33885 33886 33887 33888 33889 33890 33891 33892 33893 33894 33895 33896 33897 33898 33899 33900 33901 33903 33904 33905
5 23
2434 3900 4766 10334 14917
31375 33880 33881 33882 33885 33886 33887 33888 33889 33890 33891 33892 33893 33894 33895 33896 33898 33899 33900 33901 33903 33904 33905
6 22
2434 3900 4766 6835 10334 14917
31375 33880 33882 33885 33886 33887 33888 33889 33890 33891 33892 33893 33894 33895 33896 33898 33899 33900 33901 33903 33904 33905
5 23
2434 4766 6835 10334 14917
31375 33880 33882 33883 33885 33886 33887 33888 33889 33890 33891 33892 33893 33894 33895 33896 33898 33899 33900 33901 33903 33904 33905
4 24
2434 4766 10334 14917
31375 33880 33881 33882 33883 33885 33886 33887 33888 33889 33890 33891 33892 33893 33894 33895 33896 33898 33899 33900 33901 33903 33904 33905
3 16
2562 5604 22916
504 621 720 753 2273 2274 2281 2282 2300 2313 2315 9597 17054 19699 21413 29549
3 3
2576 3078 10466
228 17993 34724
3 4
2590 16396 23128
34840 34841 34842 34843
3 17
2598 11812 14075
80 2882 2886 5408 7727 9526 11253 16646 16728 34939 34940 34941 34942 34944 34945 34946 34948
3 3
2675 19214 28033
223 1220 1223
22 5
2724 5572 8797 8807 13453 13822 13935 14750 18249 18399 18528 20176 21157 24241 25601 26164 27145 29966 30419 38549 43728 47214
31207 31208 31209 31212 31213
23 4
2724 5572 7384 8797 8807 13453 13822 13935 14750 18249 18399 18528 20176 21157 24241 25601 26164 27145 29966 30419 38549 43728 47214
31207 31208 31209 31212
25 3
2724 5572 7384 8797 8807 13453 13822 13935 14750 18249 18399 18528 20176 21157 24241 25601 26164 27145 29966 30419 33514 36796 38549 43728 47214
31208 31209 31212
24 4
2724 5572 8797 8807 13453 13822 13935 14750 18249 18399 18528 20176 21157 24241 25601 26164 27145 29966 30419 33514 36796 38549 43728 47214
31208 31209 31212 31213
22 5
2724 5572 8797 8807 13822 13935 14750 17421 18249 18399 18528 20176 21157 24241 25601 26164 27145 29966 30419 38549 43728 47214
31207 31208 31209 31212 31213
23 4
2724 5572 7384 8797 8807 13822 13935 14750 17421 18249 18399 18528 20176 21157 24241 25601 26164 27145 29966 30419 38549 43728 47214
31207 31208 31209 31212
25 3
2724 5572 7384 8797 8807 13822 13935 14750 17421 18249 18399 18528 20176 21157 24241 25601 26164 27145 29966 30419 33514 36796 38549 43728 47214
31208 31209 31212
24 4
2724 5572 8797 8807 13822 13935 14750 17421 18249 18399 18528 20176 21157 24241 25601 26164 27145 29966 30419 33514 36796 38549 43728 47214
31208 31209 31212 31213
22 5
2724 5572 8797 8807 13822 13935 14750 18249 18399 18528 20176 21157 21919 24241 25601 26164 27145 29966 30419 38549 43728 47214
31207 31208 31209 31212 31213
4 25
2863 5529 7008 9669
126 504 524 595 621 720 753 1653 2254 2273 2274 2281 2282 2297 2300 2313 2315 5113 9024 9597 17054 18765 19699 21413 29549
3 22
2976 9060 16030
875 12427 12428 12431 12432 12433 12434 12436 12438 12441 12442 12444 12445 12447 12448 12450 12451 12452 12453 12455 12457 12461
3 4
3020 17945 20042
689 7691 23540 25495
4 6
3475 20312 30950 33252
3559 13628 13629 13630 13635 21428
3 3
3646 31901 44794
41819 41820 41821
3 9
3650 4066 6931
533 1702 3364 3369 3380 3520 3529 3532 13099
6 3
3661 10981 22836 23365 29026 32644
41751 41752 41753
3 11
3793 5898 9602
792 3940 5122 5176 5530 11396 13941 19037 23823 29521 29525
4 10
3793 5898 9602 11778
792 3940 5122 5176 5530 11396 13941 19037 23823 29521
3 11
3793 5898 9225
792 3940 5122 5176 5530 11396 13941 19037 23823 29521 29525
4 10
3793 5898 9225 11778
792 3940 5122 5176 5530 11396 13941 19037 23823 29521
4 10
3793 9602 11778 15713
792 3940 5122 5176 5530 11396 13941 19037 23823 29521
5 6
4066 4254 6931 8061 20400
533 1702 3520 3529 3532 13099
11 5
4066 4254 5143 6931 8061 9208 18593 19553 19815 20400 23370
1702 3520 3529 3532 13099
5 7
4066 4254 6931 9219 20400
533 1702 3364 3520 3529 3532 13099
10 6
4066 4254 5143 6931 9208 9219 19553 19815 20400 23370
1702 3364 3520 3529 3532 13099
11 5
4066 4254 5143 6931 9208 9219 18593 19553 19815 20400 23370
1702 3520 3529 3532 13099
12 4
4066 4254 5143 6931 9208 9219 18593 19553 19815 20400 23370 26563
3520 3529 3532 13099
13 3
4066 4254 5143 6931 9208 9219 18593 19553 19815 20400 23370 26563 27712
3520 3532 13099
12 4
4066 4254 5143 6931 9208 9219 18593 19553 19815 20400 23370 27712
1702 3520 3532 13099
11 5
4066 4254 5143 6931 9208 9219 19553 19815 20400 23370 26563
3364 3520 3529 3532 13099
12 4
4066 4254 5143 6931 9208 9219 19553 19815 20400 23370 26563 27712
3364 3520 3532 13099
11 5
4066 4254 5143 6931 9208 9219 19553 19815 20400 23370 27712
1702 3364 3520 3532 13099
3 9
4066 6931 7781
533 1702 3364 3369 3380 3520 3529 3532 13099
4 8
4066 6931 7781 8061
533 1702 3369 3380 3520 3529 3532 13099
3 8
4066 6931 20939
533 1702 3364 3369 3520 3529 3532 13099
7 6
4254 5143 9208 19553 19815 23370 30740
1702 3364 3520 3529 3532 13099
8 5
4254 5143 9208 18593 19553 19815 23370 30740
1702 3520 3529 3532 13099
9 4
4254 5143 9208 18593 19553 19815 23370 26563 30740
3520 3529 3532 13099
10 3
4254 5143 9208 18593 19553 19815 23370 26563 27712 30740
3520 3532 13099
9 4
4254 5143 9208 18593 19553 19815 23370 27712 30740
1702 3520 3532 13099
8 5
4254 5143 9208 19553 19815 23370 26563 30740
3364 3520 3529 3532 13099
9 4
4254 5143 9208 19553 19815 23370 26563 27712 30740
3364 3520 3532 13099
8 5
4254 5143 9208 19553 19815 23370 27712 30740
1702 3364 3520 3532 13099
3 19
4290 8155 10097
13669 45564 45565 45566 45567 45568 45569 45570 45571 45572 45573 45574 45575 45576 45577 45578 45579 45580 45581
3 3
4376 19588 21650
2583 2591 10345
3 4
4395 13917 15086
5649 5654 5657 5659
3 4
4600 7103 12064
575 682 741 1642
4 5
4600 7103 20516 25802
575 655 682 741 1642
3 5
4600 14786 25802
575 655 682 741 1642
4 4
4600 16487 19094 25802
575 655 682 741
3 23
4616 6371 17335
9925 24195 24197 24198 24200 24202 24203 24212 24214 31854 47101 47102 47103 47105 47106 47107 47108 47109 47110 47111 47112 47113 47114
3 3
5007 20254 31108
49127 49128 49130
5 3
5031 8056 11847 36306 43391
125 131 215
3 3
5031 24350 43391
125 131 215
3 4
5101 21517 32077
26748 48703 48706 48709
3 4
5101 32077 41660
26748 48703 48706 48709
3 6
5285 25113 33355
125 127 131 194 215 223
4 5
5285 25113 26129 33355
125 127 131 215 223
3 5
5285 26129 31526
125 131 215 223 355
7 3
5485 10021 18414 23702 23718 30501 33024
49014 49015 51319
7 3
5485 18049 18414 23702 23718 30501 33024
49014 49015 51319
3 12
5898 9602 11486
792 3940 5122 5176 5530 11396 13941 19037 19039 23823 29521 29525
3 21
5997 6259 13741
53442 53443 53444 53445 53446 53447 53448 53449 53451 53452 53453 53454 53456 53457 53459 53461 53462 53463 53464 53465 53468
4 4
6012 11847 29202 29278
125 126 131 215
3 8
6162 6926 16892
54130 54131 54132 54133 54134 54135 54137 54140
4 6
6177 16441 22730 27336
7652 54222 54223 54224 54225 54226
3 4
6255 19094 23156
125 575 655 682
3 7
6291 21011 30637
5965 52707 54723 54724 54725 54726 54727
6 3
6419 16202 22118 28754 32995 47948
55208 55209 55210
4 3
6525 11847 22660 29202
125 126 215
5 4
6525 11847 29202 29278 31401
125 126 131 215
6 3
6525 11847 29202 29278 31401 43391
125 131 215
3 3
6525 21320 24350
125 131 355
3 3
6525 21378 43391
125 131 215
3 3
6525 24350 43391
125 131 215
3 3
6564 19660 29637
125 130 131
4 5
6672 17945 20042 23213
689 7691 23540 25495 36779
3 3
6826 18600 25668
26340 56850 56851
3 3
7194 29121 45379
125 131 194
3 9
7511 7600 9545
16456 16457 16458 16460 16461 16462 16463 16464 16468
4 7
7511 7600 9545 11206
16456 16457 16458 16460 16461 16462 16468
4 7
7511 7600 9545 13259
16456 16457 16460 16461 16462 16463 16464
4 7
7568 18555 19250 27437
59708 59709 59710 59711 59712 59713 59714
5 6
7568 18555 19250 27437 35177
59708 59709 59711 59712 59713 59714
7 3
7622 12386 14802 29560 38008 38293 40469
125 223 1223
7 3
7622 12386 16240 29560 38008 38293 40469
125 223 1223
7 3
7622 12386 22641 29560 38008 38293 40469
125 223 1223
7 3
7622 12386 22746 29560 38008 38293 40469
125 223 1223
7 3
7622 12386 23720 29560 38008 38293 40469
125 223 1223
11 9
7991 9881 10715 13219 14528 15095 15493 17201 20541 21427 23933
9636 9638 17683 17684 17685 17686 17687 21678 34230
10 9
7991 9881 10994 13219 14528 15095 15493 20541 21427 23933
9636 9638 17683 17684 17685 17686 17687 21678 34230
11 5
7991 9881 13176 13219 14528 15095 15493 19638 21427 23933 30059
9636 9638 17684 21678 34230
11 6
7991 9881 13176 13219 14528 15095 15493 19638 20541 21427 23933
9636 9638 17683 17684 21678 34230
11 7
7991 9881 13219 14528 15095 15493 17201 19638 20541 21427 23933
9636 9638 17683 17684 17686 21678 34230
3 4
8001 13176 19638
9636 9638 17683 17684
4 3
8001 13176 19638 30059
9636 9638 17684
5 3
8056 11847 14274 36306 43391
125 131 215
6 3
8056 11847 29278 31401 36306 43391
125 131 215
3 23
8153 11573 12549
32204 32205 32206 32207 32208 32209 32210 32211 32212 32213 32214 32215 32216 32217 32218 32219 32220 32221 32222 32223 32224 32225 61762
3 6
8481 32778 32928
233 581 62843 62845 62846 62847
3 12
8504 11121 33373
9462 9463 14578 48568 48569 48571 48572 48573 48574 48575 48576 48579
3 9
8635 20032 23870
17576 23521 23522 23523 23525 23526 23530 23532 23533
7 3
8896 18414 23702 23718 30501 31925 33024
49014 49015 51319
3 4
9876 10147 33728
7346 11174 13690 20911
3 4
9876 18837 33728
7346 7349 11174 20911
4 12
9950 10965 15505 16074
49457 51376 67381 67382 67383 67384 67385 67386 67387 67388 67389 67390
3 5
10147 15900 33728
7346 11172 11174 13690 20911
4 4
10147 15900 33728 44667
7346 11172 11174 13690
3 3
10405 20041 34620
5796 5799 8093
5 6
10613 14651 21392 32276 40257
13465 13467 13473 13484 36236 36239
3 4
10766 17229 31379
11120 11121 11122 29007
5 3
10766 16451 17229 24472 31379
11121 11122 29007
3 3
10810 22641 29560
125 223 1223
4 9
11121 23004 33373 34143
9462 9463 48568 48569 48571 48572 48574 48576 48579
3 10
11121 33373 34143
9462 9463 14578 48568 48569 48571 48572 48574 48576 48579
4 3
11459 13812 19867 27716
48170 48171 48172
4 3
11459 13812 20711 27716
48170 48171 48172
4 3
11459 13812 27716 30227
48170 48171 48172
3 3
11847 18754 22660
125 126 215
4 3
11847 18754 29278 31401
125 126 215
4 4
11847 28323 29278 31401
125 126 131 215
3 26
12551 13957 19813
1539 2732 2733 5729 6831 9835 9836 9839 9840 9841 9842 9843 9845 9847 9849 9851 9852 9853 9855 9857 9859 9860 9861 9862 9864 9866
3 6
12639 16282 18005
50351 50353 50354 50355 50356 50357
5 5
12639 15420 16282 18005 19733
50353 50354 50355 50356 50357
3 6
12639 16282 19733
50353 50354 50355 50356 50357 74609
3 3
12906 33037 40527
689 7691 23540
3 3
13171 29121 45379
125 131 194
4 4
13176 19638 30059 31727
9636 9638 21678 34230
3 3
13176 30059 48083
9636 17684 34230
3 3
13272 16919 17522
76075 76076 76077
4 6
14633 20312 30950 33252
3559 13628 13629 13630 13635 21428
5 5
14633 18609 20312 30950 33252
3559 13628 13629 13630 21428
4 7
14651 21392 32276 40257
610 13465 13467 13473 13484 36236 36239
3 4
15129 20474 21304
131 223 445 1223
3 5
15900 33728 44667
7346 7349 11172 11174 13690
3 4
16098 18351 32816
13421 13423 13432 13433
3 3
16912 20786 20960
7693 14508 19171
3 3
17009 41332 45194
4378 63466 63468
3 5
17530 25354 35231
39737 62418 62425 62426 62436
3 4
17796 21396 36612
85257 85258 85259 85261
5 3
17945 20042 23213 33037 40527
689 7691 23540
5 3
18656 21486 25558 32109 37308
78178 78179 86856
3 4
19094 22791 25802
125 655 682 741
4 3
19094 22791 23156 25802
125 655 682
4 4
19094 23156 25802 29942
125 575 655 682
3 5
19236 19774 27964
70170 87851 87852 87853 87854
3 3
19343 24065 34284
19128 19132 19149
3 3
19419 33442 38297
7346 7349 13690
3 4
19884 27439 35281
6554 88881 88882 88883
3 3
20269 20813 38415
125 127 355
3 3
20813 22641 38415
125 127 355
5 3
20813 25512 28333 28390 28857
125 127 359
4 3
20813 28333 28390 31840
125 127 359
4 3
20813 28333 28390 33752
125 127 359
3 5
21554 22374 32186
22305 22306 22307 22308 25090
3 3
22226 33023 41287
92522 92523 92524
3 6
23677 26129 31526
125 131 215 223 355 1223
3 4
23871 36120 39937
9754 13424 62958 94724
3 4
25113 29278 33355
125 131 194 215
3 4
25113 26129 35389
125 127 131 223
3 4
25512 28857 31248
125 127 131 359
3 3
27087 33037 40527
689 7691 23540
3 3
28493 30402 33987
10336 10357 69358
3 3
29121 29278 45379
125 131 194
3 3
29824 31479 36906
91016 91017 101631
3 3
33728 38297 44667
7346 7349 13690
